[gd_scene load_steps=3 format=3 uid="uid://85vj0l5x3a8n"]

[ext_resource type="PackedScene" uid="uid://bdhir8nsl2uma" path="res://Assets/Objects/paris_hero_L.blend" id="1_clw55"]
[ext_resource type="PackedScene" uid="uid://crdwuanyaaedy" path="res://Assets/Objects/paris_detail_roof_04_.blend" id="2_ibe0f"]

[node name="Paris_hero_L_01_" type="Node3D"]

[node name="paris_hero_L" parent="." instance=ExtResource("1_clw55")]
transform = Transform3D(10, 0, 0, 0, 10, 0, 0, 0, 10, 0, 0, 0)

[node name="paris_detail_roof_04_" parent="." instance=ExtResource("2_ibe0f")]
transform = Transform3D(-4.37114e-08, 0, -1, -0.218211, 0.975902, 9.53832e-09, 0.975902, 0.218211, -4.2658e-08, -16, 21.4874, -23.9346)

[node name="paris_detail_roof_04_2" parent="." instance=ExtResource("2_ibe0f")]
transform = Transform3D(-4.37114e-08, 0, -1, -0.218211, 0.975902, 9.53832e-09, 0.975902, 0.218211, -4.2658e-08, -12, 23.4874, -23.157)

[node name="paris_detail_roof_04_3" parent="." instance=ExtResource("2_ibe0f")]
transform = Transform3D(-4.37114e-08, 0, -1, -0.227586, 0.973758, 9.94811e-09, 0.973758, 0.227586, -4.25643e-08, -15.0446, 27.0821, -21.9918)

[node name="paris_detail_roof_04_4" parent="." instance=ExtResource("2_ibe0f")]
transform = Transform3D(-4.37114e-08, 0, -1, -0.227586, 0.973758, 9.94811e-09, 0.973758, 0.227586, -4.25643e-08, -12.4911, 30.0195, -21.3529)
