[gd_scene load_steps=2 format=3 uid="uid://cd4oe3t6lkxjk"]

[ext_resource type="PackedScene" uid="uid://mynxcvlrrd3i" path="res://Assets/Objects/paris_hero_castle_01.blend" id="1_ub1s8"]

[node name="paris_hero_castle_01" type="Node3D"]

[node name="paris_hero_castle_01" parent="." instance=ExtResource("1_ub1s8")]
transform = Transform3D(15, 0, 0, 0, 15, 0, 0, 0, 15, 0, 0, 0)

[node name="SpotLight3D2" type="SpotLight3D" parent="."]
transform = Transform3D(0.683299, 0.575151, -0.449782, -0.575812, 0.0457149, -0.816303, -0.448936, 0.816769, 0.362416, -26.5833, -39.3814, 21.6358)
light_color = Color(0.631373, 0.596078, 0.419608, 1)
light_energy = 2.0
spot_range = 182.317
spot_attenuation = 0.450625
spot_angle = 35.4159

[node name="SpotLight3D3" type="SpotLight3D" parent="."]
transform = Transform3D(0.830257, -0.0694439, -0.553038, -0.553465, 0.0146863, -0.832743, 0.065951, 0.997478, -0.0262414, -26.4417, -39.3814, -43.359)
light_color = Color(0.631373, 0.596078, 0.419608, 1)
light_energy = 2.0
spot_range = 182.317
spot_attenuation = 0.450625
spot_angle = 35.4159

[node name="SpotLight3D5" type="SpotLight3D" parent="."]
transform = Transform3D(0.065951, 0.997478, -0.0262414, -0.54369, 0.0138709, -0.839172, -0.836691, 0.0696114, 0.543233, 109.917, -39.3814, 21.5307)
light_color = Color(0.631373, 0.596078, 0.419608, 1)
light_energy = 2.0
spot_range = 182.317
spot_attenuation = 0.450625
spot_angle = 35.4159

[node name="SpotLight3D6" type="SpotLight3D" parent="."]
transform = Transform3D(0.065951, 0.997478, -0.0262414, -0.54369, 0.0138709, -0.839172, -0.836691, 0.0696114, 0.543233, 48.1385, -39.3814, 21.5307)
light_color = Color(0.631373, 0.596078, 0.419608, 1)
light_energy = 2.0
spot_range = 182.317
spot_attenuation = 0.450625
spot_angle = 35.4159
